{
 "cells": [
  {
   "cell_type": "markdown",
   "metadata": {},
   "source": [
    "<h2>Solving the travelling salesman problem via recombination + mutation </h2>"
   ]
  },
  {
   "cell_type": "code",
   "execution_count": 1,
   "metadata": {},
   "outputs": [],
   "source": [
    "import numpy as np\n",
    "import pandas as pd\n",
    "import math\n",
    "from matplotlib import pyplot as plt\n",
    "import random\n",
    "import operator"
   ]
  },
  {
   "cell_type": "code",
   "execution_count": 2,
   "metadata": {},
   "outputs": [
    {
     "data": {
      "text/html": [
       "<div>\n",
       "<style scoped>\n",
       "    .dataframe tbody tr th:only-of-type {\n",
       "        vertical-align: middle;\n",
       "    }\n",
       "\n",
       "    .dataframe tbody tr th {\n",
       "        vertical-align: top;\n",
       "    }\n",
       "\n",
       "    .dataframe thead th {\n",
       "        text-align: right;\n",
       "    }\n",
       "</style>\n",
       "<table border=\"1\" class=\"dataframe\">\n",
       "  <thead>\n",
       "    <tr style=\"text-align: right;\">\n",
       "      <th></th>\n",
       "      <th>A</th>\n",
       "      <th>B</th>\n",
       "      <th>C</th>\n",
       "      <th>D</th>\n",
       "      <th>E</th>\n",
       "      <th>F</th>\n",
       "      <th>G</th>\n",
       "      <th>H</th>\n",
       "      <th>I</th>\n",
       "      <th>J</th>\n",
       "      <th>K</th>\n",
       "      <th>L</th>\n",
       "      <th>M</th>\n",
       "      <th>N</th>\n",
       "      <th>O</th>\n",
       "      <th>P</th>\n",
       "    </tr>\n",
       "  </thead>\n",
       "  <tbody>\n",
       "    <tr>\n",
       "      <th>A</th>\n",
       "      <td>0.0</td>\n",
       "      <td>5.882329</td>\n",
       "      <td>5.421476</td>\n",
       "      <td>3.348194</td>\n",
       "      <td>10.966859</td>\n",
       "      <td>8.258045</td>\n",
       "      <td>7.312216</td>\n",
       "      <td>0.720278</td>\n",
       "      <td>11.708224</td>\n",
       "      <td>7.931066</td>\n",
       "      <td>25.720857</td>\n",
       "      <td>5.294998</td>\n",
       "      <td>5.070799</td>\n",
       "      <td>5.300509</td>\n",
       "      <td>6.691226</td>\n",
       "      <td>1.412091</td>\n",
       "    </tr>\n",
       "    <tr>\n",
       "      <th>B</th>\n",
       "      <td>5.882329</td>\n",
       "      <td>0.0</td>\n",
       "      <td>1.291898</td>\n",
       "      <td>4.487427</td>\n",
       "      <td>16.7559</td>\n",
       "      <td>14.10396</td>\n",
       "      <td>13.090611</td>\n",
       "      <td>6.066844</td>\n",
       "      <td>17.130619</td>\n",
       "      <td>13.197348</td>\n",
       "      <td>31.5536</td>\n",
       "      <td>11.074764</td>\n",
       "      <td>10.892952</td>\n",
       "      <td>11.171571</td>\n",
       "      <td>12.513804</td>\n",
       "      <td>6.593345</td>\n",
       "    </tr>\n",
       "    <tr>\n",
       "      <th>C</th>\n",
       "      <td>5.421476</td>\n",
       "      <td>1.291898</td>\n",
       "      <td>0.0</td>\n",
       "      <td>4.830114</td>\n",
       "      <td>16.388252</td>\n",
       "      <td>13.468367</td>\n",
       "      <td>12.396116</td>\n",
       "      <td>5.749435</td>\n",
       "      <td>16.233832</td>\n",
       "      <td>12.285154</td>\n",
       "      <td>30.856949</td>\n",
       "      <td>10.402125</td>\n",
       "      <td>10.257144</td>\n",
       "      <td>10.598349</td>\n",
       "      <td>12.11218</td>\n",
       "      <td>5.883672</td>\n",
       "    </tr>\n",
       "    <tr>\n",
       "      <th>D</th>\n",
       "      <td>3.348194</td>\n",
       "      <td>4.487427</td>\n",
       "      <td>4.830114</td>\n",
       "      <td>0.0</td>\n",
       "      <td>12.883509</td>\n",
       "      <td>11.007039</td>\n",
       "      <td>10.240396</td>\n",
       "      <td>2.961419</td>\n",
       "      <td>14.874855</td>\n",
       "      <td>11.203258</td>\n",
       "      <td>28.330572</td>\n",
       "      <td>8.290006</td>\n",
       "      <td>7.996562</td>\n",
       "      <td>8.04767</td>\n",
       "      <td>8.833623</td>\n",
       "      <td>4.720551</td>\n",
       "    </tr>\n",
       "    <tr>\n",
       "      <th>E</th>\n",
       "      <td>10.966859</td>\n",
       "      <td>16.7559</td>\n",
       "      <td>16.388252</td>\n",
       "      <td>12.883509</td>\n",
       "      <td>0.0</td>\n",
       "      <td>4.401011</td>\n",
       "      <td>5.568528</td>\n",
       "      <td>10.692596</td>\n",
       "      <td>7.882645</td>\n",
       "      <td>8.089264</td>\n",
       "      <td>15.963161</td>\n",
       "      <td>6.779985</td>\n",
       "      <td>6.704103</td>\n",
       "      <td>6.138224</td>\n",
       "      <td>4.28118</td>\n",
       "      <td>10.767302</td>\n",
       "    </tr>\n",
       "    <tr>\n",
       "      <th>F</th>\n",
       "      <td>8.258045</td>\n",
       "      <td>14.10396</td>\n",
       "      <td>13.468367</td>\n",
       "      <td>11.007039</td>\n",
       "      <td>4.401011</td>\n",
       "      <td>0.0</td>\n",
       "      <td>1.259365</td>\n",
       "      <td>8.250097</td>\n",
       "      <td>4.797604</td>\n",
       "      <td>3.711024</td>\n",
       "      <td>17.462829</td>\n",
       "      <td>3.077613</td>\n",
       "      <td>3.214607</td>\n",
       "      <td>2.980419</td>\n",
       "      <td>2.970152</td>\n",
       "      <td>7.586626</td>\n",
       "    </tr>\n",
       "    <tr>\n",
       "      <th>G</th>\n",
       "      <td>7.312216</td>\n",
       "      <td>13.090611</td>\n",
       "      <td>12.396116</td>\n",
       "      <td>10.240396</td>\n",
       "      <td>5.568528</td>\n",
       "      <td>1.259365</td>\n",
       "      <td>0.0</td>\n",
       "      <td>7.385046</td>\n",
       "      <td>4.89655</td>\n",
       "      <td>2.750654</td>\n",
       "      <td>18.468839</td>\n",
       "      <td>2.020619</td>\n",
       "      <td>2.256214</td>\n",
       "      <td>2.252044</td>\n",
       "      <td>3.170016</td>\n",
       "      <td>6.518136</td>\n",
       "    </tr>\n",
       "    <tr>\n",
       "      <th>H</th>\n",
       "      <td>0.720278</td>\n",
       "      <td>6.066844</td>\n",
       "      <td>5.749435</td>\n",
       "      <td>2.961419</td>\n",
       "      <td>10.692596</td>\n",
       "      <td>8.250097</td>\n",
       "      <td>7.385046</td>\n",
       "      <td>0.0</td>\n",
       "      <td>11.931458</td>\n",
       "      <td>8.242245</td>\n",
       "      <td>25.690389</td>\n",
       "      <td>5.394312</td>\n",
       "      <td>5.12884</td>\n",
       "      <td>5.270009</td>\n",
       "      <td>6.447891</td>\n",
       "      <td>2.039608</td>\n",
       "    </tr>\n",
       "    <tr>\n",
       "      <th>I</th>\n",
       "      <td>11.708224</td>\n",
       "      <td>17.130619</td>\n",
       "      <td>16.233832</td>\n",
       "      <td>14.874855</td>\n",
       "      <td>7.882645</td>\n",
       "      <td>4.797604</td>\n",
       "      <td>4.89655</td>\n",
       "      <td>11.931458</td>\n",
       "      <td>0.0</td>\n",
       "      <td>3.950456</td>\n",
       "      <td>15.208504</td>\n",
       "      <td>6.631629</td>\n",
       "      <td>6.967704</td>\n",
       "      <td>7.11922</td>\n",
       "      <td>7.758608</td>\n",
       "      <td>10.625841</td>\n",
       "    </tr>\n",
       "    <tr>\n",
       "      <th>J</th>\n",
       "      <td>7.931066</td>\n",
       "      <td>13.197348</td>\n",
       "      <td>12.285154</td>\n",
       "      <td>11.203258</td>\n",
       "      <td>8.089264</td>\n",
       "      <td>3.711024</td>\n",
       "      <td>2.750654</td>\n",
       "      <td>8.242245</td>\n",
       "      <td>3.950456</td>\n",
       "      <td>0.0</td>\n",
       "      <td>18.956152</td>\n",
       "      <td>3.408284</td>\n",
       "      <td>3.796103</td>\n",
       "      <td>4.229657</td>\n",
       "      <td>5.820249</td>\n",
       "      <td>6.756937</td>\n",
       "    </tr>\n",
       "    <tr>\n",
       "      <th>K</th>\n",
       "      <td>25.720857</td>\n",
       "      <td>31.5536</td>\n",
       "      <td>30.856949</td>\n",
       "      <td>28.330572</td>\n",
       "      <td>15.963161</td>\n",
       "      <td>17.462829</td>\n",
       "      <td>18.468839</td>\n",
       "      <td>25.690389</td>\n",
       "      <td>15.208504</td>\n",
       "      <td>18.956152</td>\n",
       "      <td>0.0</td>\n",
       "      <td>20.479934</td>\n",
       "      <td>20.663942</td>\n",
       "      <td>20.430108</td>\n",
       "      <td>19.53891</td>\n",
       "      <td>24.986222</td>\n",
       "    </tr>\n",
       "    <tr>\n",
       "      <th>L</th>\n",
       "      <td>5.294998</td>\n",
       "      <td>11.074764</td>\n",
       "      <td>10.402125</td>\n",
       "      <td>8.290006</td>\n",
       "      <td>6.779985</td>\n",
       "      <td>3.077613</td>\n",
       "      <td>2.020619</td>\n",
       "      <td>5.394312</td>\n",
       "      <td>6.631629</td>\n",
       "      <td>3.408284</td>\n",
       "      <td>20.479934</td>\n",
       "      <td>0.0</td>\n",
       "      <td>0.38833</td>\n",
       "      <td>0.960833</td>\n",
       "      <td>3.088122</td>\n",
       "      <td>4.518517</td>\n",
       "    </tr>\n",
       "    <tr>\n",
       "      <th>M</th>\n",
       "      <td>5.070799</td>\n",
       "      <td>10.892952</td>\n",
       "      <td>10.257144</td>\n",
       "      <td>7.996562</td>\n",
       "      <td>6.704103</td>\n",
       "      <td>3.214607</td>\n",
       "      <td>2.256214</td>\n",
       "      <td>5.12884</td>\n",
       "      <td>6.967704</td>\n",
       "      <td>3.796103</td>\n",
       "      <td>20.663942</td>\n",
       "      <td>0.38833</td>\n",
       "      <td>0.0</td>\n",
       "      <td>0.664831</td>\n",
       "      <td>2.852455</td>\n",
       "      <td>4.380434</td>\n",
       "    </tr>\n",
       "    <tr>\n",
       "      <th>N</th>\n",
       "      <td>5.300509</td>\n",
       "      <td>11.171571</td>\n",
       "      <td>10.598349</td>\n",
       "      <td>8.04767</td>\n",
       "      <td>6.138224</td>\n",
       "      <td>2.980419</td>\n",
       "      <td>2.252044</td>\n",
       "      <td>5.270009</td>\n",
       "      <td>7.11922</td>\n",
       "      <td>4.229657</td>\n",
       "      <td>20.430108</td>\n",
       "      <td>0.960833</td>\n",
       "      <td>0.664831</td>\n",
       "      <td>0.0</td>\n",
       "      <td>2.191552</td>\n",
       "      <td>4.763885</td>\n",
       "    </tr>\n",
       "    <tr>\n",
       "      <th>O</th>\n",
       "      <td>6.691226</td>\n",
       "      <td>12.513804</td>\n",
       "      <td>12.11218</td>\n",
       "      <td>8.833623</td>\n",
       "      <td>4.28118</td>\n",
       "      <td>2.970152</td>\n",
       "      <td>3.170016</td>\n",
       "      <td>6.447891</td>\n",
       "      <td>7.758608</td>\n",
       "      <td>5.820249</td>\n",
       "      <td>19.53891</td>\n",
       "      <td>3.088122</td>\n",
       "      <td>2.852455</td>\n",
       "      <td>2.191552</td>\n",
       "      <td>0.0</td>\n",
       "      <td>6.514177</td>\n",
       "    </tr>\n",
       "    <tr>\n",
       "      <th>P</th>\n",
       "      <td>1.412091</td>\n",
       "      <td>6.593345</td>\n",
       "      <td>5.883672</td>\n",
       "      <td>4.720551</td>\n",
       "      <td>10.767302</td>\n",
       "      <td>7.586626</td>\n",
       "      <td>6.518136</td>\n",
       "      <td>2.039608</td>\n",
       "      <td>10.625841</td>\n",
       "      <td>6.756937</td>\n",
       "      <td>24.986222</td>\n",
       "      <td>4.518517</td>\n",
       "      <td>4.380434</td>\n",
       "      <td>4.763885</td>\n",
       "      <td>6.514177</td>\n",
       "      <td>0.0</td>\n",
       "    </tr>\n",
       "  </tbody>\n",
       "</table>\n",
       "</div>"
      ],
      "text/plain": [
       "           A          B          C          D          E          F  \\\n",
       "A        0.0   5.882329   5.421476   3.348194  10.966859   8.258045   \n",
       "B   5.882329        0.0   1.291898   4.487427    16.7559   14.10396   \n",
       "C   5.421476   1.291898        0.0   4.830114  16.388252  13.468367   \n",
       "D   3.348194   4.487427   4.830114        0.0  12.883509  11.007039   \n",
       "E  10.966859    16.7559  16.388252  12.883509        0.0   4.401011   \n",
       "F   8.258045   14.10396  13.468367  11.007039   4.401011        0.0   \n",
       "G   7.312216  13.090611  12.396116  10.240396   5.568528   1.259365   \n",
       "H   0.720278   6.066844   5.749435   2.961419  10.692596   8.250097   \n",
       "I  11.708224  17.130619  16.233832  14.874855   7.882645   4.797604   \n",
       "J   7.931066  13.197348  12.285154  11.203258   8.089264   3.711024   \n",
       "K  25.720857    31.5536  30.856949  28.330572  15.963161  17.462829   \n",
       "L   5.294998  11.074764  10.402125   8.290006   6.779985   3.077613   \n",
       "M   5.070799  10.892952  10.257144   7.996562   6.704103   3.214607   \n",
       "N   5.300509  11.171571  10.598349    8.04767   6.138224   2.980419   \n",
       "O   6.691226  12.513804   12.11218   8.833623    4.28118   2.970152   \n",
       "P   1.412091   6.593345   5.883672   4.720551  10.767302   7.586626   \n",
       "\n",
       "           G          H          I          J          K          L  \\\n",
       "A   7.312216   0.720278  11.708224   7.931066  25.720857   5.294998   \n",
       "B  13.090611   6.066844  17.130619  13.197348    31.5536  11.074764   \n",
       "C  12.396116   5.749435  16.233832  12.285154  30.856949  10.402125   \n",
       "D  10.240396   2.961419  14.874855  11.203258  28.330572   8.290006   \n",
       "E   5.568528  10.692596   7.882645   8.089264  15.963161   6.779985   \n",
       "F   1.259365   8.250097   4.797604   3.711024  17.462829   3.077613   \n",
       "G        0.0   7.385046    4.89655   2.750654  18.468839   2.020619   \n",
       "H   7.385046        0.0  11.931458   8.242245  25.690389   5.394312   \n",
       "I    4.89655  11.931458        0.0   3.950456  15.208504   6.631629   \n",
       "J   2.750654   8.242245   3.950456        0.0  18.956152   3.408284   \n",
       "K  18.468839  25.690389  15.208504  18.956152        0.0  20.479934   \n",
       "L   2.020619   5.394312   6.631629   3.408284  20.479934        0.0   \n",
       "M   2.256214    5.12884   6.967704   3.796103  20.663942    0.38833   \n",
       "N   2.252044   5.270009    7.11922   4.229657  20.430108   0.960833   \n",
       "O   3.170016   6.447891   7.758608   5.820249   19.53891   3.088122   \n",
       "P   6.518136   2.039608  10.625841   6.756937  24.986222   4.518517   \n",
       "\n",
       "           M          N          O          P  \n",
       "A   5.070799   5.300509   6.691226   1.412091  \n",
       "B  10.892952  11.171571  12.513804   6.593345  \n",
       "C  10.257144  10.598349   12.11218   5.883672  \n",
       "D   7.996562    8.04767   8.833623   4.720551  \n",
       "E   6.704103   6.138224    4.28118  10.767302  \n",
       "F   3.214607   2.980419   2.970152   7.586626  \n",
       "G   2.256214   2.252044   3.170016   6.518136  \n",
       "H    5.12884   5.270009   6.447891   2.039608  \n",
       "I   6.967704    7.11922   7.758608  10.625841  \n",
       "J   3.796103   4.229657   5.820249   6.756937  \n",
       "K  20.663942  20.430108   19.53891  24.986222  \n",
       "L    0.38833   0.960833   3.088122   4.518517  \n",
       "M        0.0   0.664831   2.852455   4.380434  \n",
       "N   0.664831        0.0   2.191552   4.763885  \n",
       "O   2.852455   2.191552        0.0   6.514177  \n",
       "P   4.380434   4.763885   6.514177        0.0  "
      ]
     },
     "execution_count": 2,
     "metadata": {},
     "output_type": "execute_result"
    }
   ],
   "source": [
    "info = pd.read_csv(\"ulysses16.csv\", index_col=0, header=1)\n",
    "\n",
    "labels = [\"A\",\"B\",\"C\",\"D\",\"E\",\"F\",\"G\",\"H\",\"I\",\"J\",\"K\",\"L\",\"M\",\"N\",\"O\",\"P\"]\n",
    "\n",
    "cities = []\n",
    "for x in range(16):\n",
    "    cities.append(x+1)\n",
    "    \n",
    "dist = pd.DataFrame(None, index=cities,columns=cities)\n",
    "\n",
    "def distance(a,b):\n",
    "    return math.sqrt((info[\"x\"][a]-info[\"x\"][b])**2+(info[\"y\"][a]-info[\"y\"][b])**2)\n",
    "\n",
    "for i in range(1,17):\n",
    "    for j in range(1,17):\n",
    "        dist[i][j] = distance(i,j)\n",
    "\n",
    "data = dist.copy()\n",
    "\n",
    "for x in range(1,17):\n",
    "    data = data.rename(index ={x: str(labels[x-1])}, columns={x: str(labels[x-1])})\n",
    "    \n",
    "data"
   ]
  },
  {
   "cell_type": "code",
   "execution_count": 3,
   "metadata": {},
   "outputs": [],
   "source": [
    "def produce_map(arr, title):\n",
    "    new_info = info\n",
    "    for x in range(1,17):\n",
    "        new_info = new_info.rename(index ={x: str(labels[x-1])})\n",
    "\n",
    "    new_info = new_info.reindex(arr)\n",
    "\n",
    "    score = 0\n",
    "\n",
    "    for x in range(len(arr)-1):\n",
    "        a = arr[x]\n",
    "        b = arr[x+1]\n",
    "        score = score+ data[a][b]\n",
    "\n",
    "    fig = plt.figure(figsize=[5,10])\n",
    "    plt.title(title+\". Distance \"+str(round(score,2))+\".\")\n",
    "    plt.xlim([33, 42])\n",
    "    plt.plot(new_info[\"x\"],new_info[\"y\"])\n",
    "    plt.scatter(info[\"x\"],info[\"y\"], facecolor=\"orange\", marker='o', linewidths=0.01)\n",
    "    for x in range(16):\n",
    "        plt.annotate(labels[x], (info[\"x\"].iloc[x], info[\"y\"].iloc[x]))   \n",
    "\n",
    "def reproduce(parent_1,parent_2):\n",
    "    #Select starting and end point\n",
    "    start = random.randint(0, 8)\n",
    "    end = start+8\n",
    "    #Select take section of parent 1\n",
    "    order_1 = list.copy(parent_1.order[start:end])\n",
    "    #Retreive all of parent 2\n",
    "    order_2 = list.copy(parent_2.order[0:16])\n",
    "    \n",
    "    #Create a blank child\n",
    "    child = [None for _ in range(16)]\n",
    "    \n",
    "    #Put the section from parent_1 into child\n",
    "    for x in range(len(order_1)):\n",
    "        #Remove used cities from parent 2 order\n",
    "        order_2.remove(order_1[x])\n",
    "        child[x+start] = order_1[x]\n",
    "    #Create a lsit for the remainder of parent 2's order\n",
    "    order_2_remainder = list.copy(order_2)\n",
    "    \n",
    "    if end != 16:\n",
    "        for x in range(len(order_2)):\n",
    "            #Add remaining order from parent 2 onto child, starting from where parent 1's section ended\n",
    "            child[x+end] = order_2[x]\n",
    "            order_2_remainder.remove(order_2[x])\n",
    "            #If the end of the order is reached then stop\n",
    "            if(x+end==15):\n",
    "                break\n",
    "        \n",
    "    #The parent 2 order will continue from the start of the child        \n",
    "    if len(order_2_remainder)!=0:\n",
    "        for x in range(len(order_2_remainder)):\n",
    "            child[x] = order_2_remainder[x]\n",
    "    \n",
    "    child.append(child[0])\n",
    "    \n",
    "    return child"
   ]
  },
  {
   "cell_type": "code",
   "execution_count": 4,
   "metadata": {},
   "outputs": [],
   "source": [
    "class Organism:\n",
    "\n",
    "    def __init__(self):\n",
    "        self.order = [\"A\",\"B\",\"C\",\"D\",\"E\",\"F\",\"G\",\"H\",\"I\",\"J\",\"K\",\"L\",\"M\",\"N\",\"O\",\"P\"]\n",
    "        random.shuffle(self.order)\n",
    "        self.order.append(self.order[0])\n",
    "        self.update_score()\n",
    "    \n",
    "    def update_score(self):\n",
    "        total = 0\n",
    "    \n",
    "        for x in range(len(self.order)-1):\n",
    "            a = self.order[x]\n",
    "            b = self.order[x+1]\n",
    "            total = total+ data[a][b]\n",
    "        self.score = total\n",
    "        \n",
    "    def update_order(self, new_order):\n",
    "        self.order = new_order\n",
    "    \n",
    "    def mutate(self):\n",
    "        a = random.randint(0, 15)\n",
    "        b = random.randint(0, 15)\n",
    "        while b==a:\n",
    "            b = random.randint(0, 15)\n",
    "        rand1 = self.order[a]\n",
    "        rand2 = self.order[b]\n",
    "        self.order[a] = rand2\n",
    "        self.order[b] = rand1\n",
    "        \n",
    "        self.order[16] = self.order[0]\n",
    "        self.update_score()"
   ]
  },
  {
   "cell_type": "code",
   "execution_count": 5,
   "metadata": {},
   "outputs": [],
   "source": [
    "def evolution():\n",
    "    population = []\n",
    "    parents = []\n",
    "    size = 100\n",
    "    mutation_chance = 0.7\n",
    "    generations = 100\n",
    "    n_children = 2\n",
    "    \n",
    "    #Initlise the organisms\n",
    "    for x in range(size):\n",
    "        population.append(Organism())\n",
    "    \n",
    "    #Loop for each generation\n",
    "    for x in range(generations):      \n",
    "        \n",
    "        #Sort the population in order of best solutions\n",
    "        population.sort(key=operator.attrgetter('score'))\n",
    "        #Select the best half population\n",
    "        half = int(len(population)/2)\n",
    "        quarter = int(len(population)/4)\n",
    "        population = population[0:half]\n",
    "        \n",
    "        #loop through the remaining population\n",
    "        for x in range(quarter):\n",
    "            y = x*2\n",
    "            #Create children by matching the best parents with each other\n",
    "            for i in range(n_children):\n",
    "                order = reproduce(population[y],population[y+1])\n",
    "                new = Organism()\n",
    "                new.update_order(order)\n",
    "                #Mutate if there is a chance\n",
    "                if(random.uniform(0, 1)<mutation_chance):\n",
    "                    new.mutate()\n",
    "                population.append(new)\n",
    "                \n",
    "    population.sort(key=operator.attrgetter('score'))\n",
    "    produce_map(population[0].order, str(x))"
   ]
  },
  {
   "cell_type": "code",
   "execution_count": 8,
   "metadata": {},
   "outputs": [
    {
     "data": {
